14.982200 5.149880 -3.135650 0.000747 
14.542205 5.148747 3.137294 -0.056114 
14.163180 5.154240 3.115658 -0.079512 
13.788954 5.168977 3.087921 -0.096293 
13.408164 5.195466 3.056078 -0.101592 
13.201543 5.215040 3.038156 -0.103206 
12.997586 5.238063 3.020173 -0.104556 
12.793880 5.264785 3.002191 -0.103001 
12.589225 5.295368 2.984366 -0.101302 
12.422819 5.322953 2.970428 -0.094727 
12.255299 5.353063 2.957187 -0.089892 
12.085792 5.385809 2.944440 -0.085384 
11.915639 5.420896 2.932076 -0.083587 
11.750881 5.456936 2.920493 -0.079516 
11.578852 5.496685 2.908488 -0.081956 
11.408263 5.538265 2.896616 -0.078609 
11.235705 5.582490 2.884778 -0.079235 
11.062813 5.628843 2.875356 -0.045863 
10.897567 5.674389 2.870524 -0.021191 
10.717742 5.724592 2.868663 -0.002533 
10.548379 5.771966 2.869394 0.012419 
10.346825 5.827527 2.877953 0.084893 
10.129151 5.883992 2.899414 0.141205 
9.939563 5.928230 2.926618 0.188287 
9.684858 5.978056 2.971215 0.215058 
9.477399 6.009469 3.012274 0.242457 
9.229277 6.035133 3.065107 0.251289 
9.013693 6.046592 3.111957 0.254109 
8.797354 6.047885 -3.123857 0.255641 
8.582333 6.038977 -3.076486 0.256688 
8.363763 6.019411 -3.028171 0.255744 
8.150895 5.990050 -2.980849 0.256818 
7.934852 5.949629 -2.932460 0.255586 
7.773993 5.912662 -2.900316 0.199744 
7.600575 5.867410 -2.873623 0.150993 
7.421904 5.816312 -2.853759 0.102006 
7.239083 5.760798 -2.841062 0.055787 
7.062722 5.705536 -2.836018 0.009135 
6.886536 5.650035 -2.837935 -0.033820 
6.709850 5.595359 -2.845955 -0.069284 
6.532141 5.542410 -2.858731 -0.094317 
6.353276 5.491942 -2.874908 -0.112113 
6.174842 5.444905 -2.892995 -0.120109 
5.995332 5.401148 -2.912125 -0.125061 
5.814816 5.360857 -2.931960 -0.128806 
5.633649 5.324226 -2.952282 -0.131383 
5.451885 5.291331 -2.972848 -0.132061 
5.269658 5.262210 -2.993377 -0.131162 
5.087078 5.236838 -3.013574 -0.128145 
4.904215 5.215126 -3.033119 -0.123126 
4.720886 5.196906 -3.051777 -0.116752 
4.537318 5.182014 -3.069307 -0.108818 
4.353500 5.170225 -3.085568 -0.100516 
4.169689 5.161315 -3.100545 -0.092570 
3.985793 5.155026 -3.113942 -0.080289 
3.802013 5.151028 -3.125432 -0.068198 
3.618255 5.148958 -3.134855 -0.053681 
3.434816 5.148390 3.141548 -0.034261 
3.250847 5.148798 3.137690 -0.015634 
3.282130 5.148680 3.137895 0.000000 
