4.991370 5.116850 -0.034893 -0.000677 
5.441082 5.100745 -0.037478 -0.012998 
5.781323 5.087329 -0.041412 -0.014495 
6.120646 5.072571 -0.045501 -0.014155 
6.459168 5.056490 -0.049389 -0.013145 
6.728984 5.042774 -0.052104 -0.010771 
6.951405 5.030959 -0.053993 -0.009409 
7.175343 5.018657 -0.055772 -0.009471 
7.400776 5.005858 -0.057689 -0.010741 
7.621983 4.992862 -0.059670 -0.010529 
7.837573 4.979773 -0.061631 -0.011076 
8.052288 4.966292 -0.063837 -0.013337 
8.269675 4.952115 -0.066473 -0.015452 
8.462039 4.939045 -0.069323 -0.019722 
8.659860 4.924945 -0.073180 -0.026558 
8.859772 4.909829 -0.077813 -0.028429 
9.070644 4.892846 -0.082942 -0.029262 
9.243306 4.877153 -0.103989 -0.256418 
9.491266 4.843123 -0.173708 -0.382749 
9.783078 4.776177 -0.278467 -0.405993 
10.044564 4.687835 -0.370641 -0.350094 
10.176989 4.633292 -0.408870 -0.264630 
10.310532 4.572973 -0.438349 -0.205156 
10.437385 4.511739 -0.460160 -0.159206 
10.579978 4.439280 -0.479345 -0.124316 
10.790462 4.326557 -0.503794 -0.118187 
10.794869 4.324127 -0.504280 -0.110892 
10.785962 4.329037 -0.503367 -0.102027 
10.783484 4.330401 -0.503133 -0.094081 
10.780215 4.332199 -0.502859 -0.080003 
10.773393 4.335950 -0.502381 -0.066128 
10.767860 4.338988 -0.502067 -0.052072 
10.762395 4.341987 -0.501832 -0.037593 
10.758061 4.344366 -0.502198 0.212530 
10.854868 4.292913 -0.470993 0.437735 
11.035560 4.210773 -0.376806 0.587922 
11.281804 4.134044 -0.224829 0.633978 
11.531611 4.096593 -0.074860 0.595122 
11.820006 4.097240 0.074457 0.507637 
12.106277 4.136687 0.194430 0.408830 
12.385324 4.205361 0.282841 0.292019 
12.662284 4.295492 0.341449 0.177458 
12.938488 4.399240 0.372841 0.074191 
13.151199 4.483530 0.379020 -0.009981 
13.369700 4.569748 0.370440 -0.076862 
13.593524 4.654247 0.349803 -0.127677 
13.823061 4.734268 0.319842 -0.163546 
14.062258 4.808702 0.282733 -0.185388 
14.311376 4.875502 0.240805 -0.196759 
14.576751 4.934298 0.195275 -0.196720 
14.844481 4.981071 0.151075 -0.185571 
15.126860 5.017832 0.108679 -0.165089 
15.394902 5.042264 0.074172 -0.137671 
15.667255 5.058468 0.045821 -0.108372 
15.935945 5.067781 0.024588 -0.079028 
16.204277 5.072265 0.009874 -0.051265 
16.473265 5.073604 0.000992 -0.027274 
16.742903 5.073231 -0.003048 -0.008387 
17.013439 5.072264 -0.003666 0.002954 
17.042100 5.072160 -0.003630 -0.000000 
