14.982201118272 5.14987978318707 -3.13564986942794 0.000747331941741258
14.8170313994951 5.14888765779968 -3.13551016876718 0.00126602335531147
14.6518288154168 5.14786866005576 -3.13534017255802 0.00118608170824332
14.4918530197788 5.14687777041784 -3.13559727961055 -0.00501911370865736
14.3249322464761 5.1459425862923 -3.13642630940715 -0.00680929363405491
14.1578896504156 5.14516140234708 -3.13742435839701 -0.0074273100687091
13.9931362915971 5.14456292866715 -3.13850167063262 -0.0081099438496667
13.8281833750002 5.1441381991879 -3.13948890892877 -0.00613460897852694
13.6617559585067 5.14385318086788 -3.14021078216454 -0.00419544525167519
13.4956985863545 5.14366939976401 -3.14073064682364 -0.00326558429839781
13.3281517697876 5.14356296383248 -3.1411734731251 -0.00303064731257669
13.15820423754 5.14352527367797 -3.14153823962625 -0.00208244305844229
12.9871870816677 5.14354602356231 3.14129456596521 -0.00279965397802161
12.8190074556335 5.14361828809357 3.14117951767775 0.0012592703899573
12.6429426367137 5.14368975787316 3.14118180154876 -0.00117308973594348
12.4678524373334 5.1437646434057 3.1412530519979 0.00216375087756059
12.2902184214178 5.14380459256257 3.1415262774292 0.00153952394905871
12.1019906283401 5.14380555001342 -3.14146366076013 0.000960392626903738
11.9224276302414 5.14378410624808 -3.14152070599348 -0.00171434448037448
11.7283430126414 5.14381347656396 3.14116554730463 -0.00441331429951855
11.5455573654435 5.14395926026308 3.14040409191964 -0.00550717599802254
11.3249658189919 5.14434223236919 3.13929830660946 -0.00644174389299969
11.0937344692113 5.14502094730594 3.13806363599977 -0.00633626289401935
10.8962105881523 5.14579189569045 3.13746683170484 -0.000853754125994235
10.6362376114498 5.14690321026307 3.13713540807605 -0.00222711724342272
10.4271302363881 5.147811654394 3.13767013836818 0.00831127624948043
10.1791899566002 5.1485669789029 3.13943233606671 0.00858057392677497
9.96487232551988 5.14886527470283 3.14096470756324 0.008434780085031
9.75012800921859 5.14882947381119 -3.14059865390536 0.00953934702955791
9.53550855940884 5.14842468258335 -3.13878394297563 0.0105827013899268
9.31666384935582 5.14760394543985 -3.1369247123458 0.00964204888135069
9.10236858790927 5.14641057105315 -3.13509179263268 0.0107125583720069
8.88318103472907 5.14477860394872 -3.13323266329772 0.00948458637493202
8.67999536889606 5.1429163832335 -3.13178769606755 0.00733369907591708
8.46395402721425 5.14064941291291 -3.13038918809147 0.00807200272017678
8.24246772538082 5.1380301787043 -3.12923790166089 0.004322560706834
8.01684367316063 5.13519201333571 -3.12891832665689 -0.000915309950345052
7.79847082185983 5.13250826310045 -3.12998597803728 -0.0107176416868614
7.58115470518467 5.13026581836045 -3.13286651102476 -0.0208226173739259
7.36443594777446 5.12882755195721 -3.13725735419867 -0.0273905909421573
7.14787144311207 5.12842819795227 3.1409368776242 -0.0274467252291679
6.93133305716033 5.1290880282267 3.13624371229121 -0.0241238631266108
6.7163758298304 5.1306488544034 3.13272930377901 -0.0147814087524136
6.50131451060207 5.13279232602744 3.13084659281179 -0.00604542642568273
6.28614851773368 5.13518996750159 3.13033341590822 0.000367955042371294
6.07116465667812 5.13758487894825 3.13077999908784 0.0045585450258119
5.85632392124563 5.13980808866475 3.13186326739661 0.00741898799548903
5.64165590888929 5.14174889350881 3.13332883148571 0.00881225712480539
5.42715913174564 5.14335038295845 3.13497895412608 0.00948454902860791
5.21278986813316 5.14458716794486 3.13669366194909 0.00954478162310993
4.9982624506601 5.14546144291068 3.13832886314516 0.00859151500538038
4.78371391900413 5.14600619153595 3.13974249487578 0.00708737925154064
4.5690597440894 5.14628627559157 3.14075359241785 0.00412018722431317
4.35450664702681 5.14641898807751 3.1410589751132 -0.000739379892180287
4.1399094879948 5.14656016491249 3.140766890832 -0.00251087358601859
3.92543212883969 5.14680494585711 3.14005611603782 -0.00538907550225691
3.7109667853324 5.14724575812064 3.13899178962932 -0.00644193156145351
3.49680890200124 5.14790392695596 3.13815548230819 -0.00286441364550517
3.28213167190552 5.14867877960205 3.13789725367365 2.48986628158603e-18
