4.99136932041072 5.11684525695989 -0.0348926644679449 -0.000676579614117566
5.18259482202171 5.11017026833326 -0.0348364966129362 0.00138006257669485
5.37438718003443 5.10352522768863 -0.0343377052007659 0.00480664226830858
5.5653151708838 5.09705281563009 -0.033368625434243 0.0072714101464938
5.75551246900507 5.09082272797971 -0.0320758763214147 0.00889755238123151
5.9451582256449 5.08488309392223 -0.0304786477452009 0.0111363810752004
6.13139311719124 5.07937383374961 -0.0286363938715947 0.0123973399006279
6.31918136087904 5.07417788819495 -0.0266936503326917 0.0122688257196055
6.50850111661431 5.06930001234611 -0.0248519069275033 0.010958621203325
6.69570364279658 5.06480544028787 -0.0231471404762672 0.0107689848472027
6.88427682238163 5.06059516147677 -0.0215081527388394 0.00994160746875612
7.07200610269784 5.05669230492589 -0.0201322766256404 0.00749405358691591
7.26245586421869 5.05295694585683 -0.0191129628357337 0.00526771984898341
7.45553062592155 5.04931454572559 -0.0186071346416168 0.00099143380302132
7.6541281288095 5.0455734172245 -0.0190059163695931 -0.00585590979789742
7.85488510778193 5.04162167443996 -0.0201295712594758 -0.0077296580379203
8.06672469109848 5.03718872333771 -0.0215422715933427 -0.00856383591705922
8.28245868284835 5.03237849513326 -0.0229612579158667 -0.00738102947929584
8.49503112164532 5.02740746976841 -0.0235886371550465 5.1125891009334e-05
8.7266621870926 5.02200277266341 -0.0229408071574943 0.00633093505594563
8.93754890761659 5.01733083857512 -0.0211261351828991 0.0141342583848093
9.14807802740788 5.01318402400451 -0.0180816521924706 0.0202134514745278
9.35399467614853 5.00979781952558 -0.0149373700879465 0.0160010351602917
9.54921990939991 5.00711717547764 -0.0126497701910926 0.0118431866703916
9.76021655671714 5.00464875378758 -0.0108054869061405 0.0089604436200573
9.95740599101346 5.00265604909941 -0.009439168434189 0.00752816805580904
10.1555098328452 5.00091007420777 -0.00815665804827508 0.00782513586091807
10.3383117503673 4.99953748332052 -0.00681331516077617 0.00966674323559912
10.5283708836381 4.99839366245237 -0.00519932797378018 0.0105162960655898
10.7144417245208 4.99757627568546 -0.00360933097472155 0.00978668914046685
10.8956323913769 4.99705139613392 -0.00221610023253692 0.00851462816332464
11.077452883609 4.99676011318087 -0.00103059864201099 0.00699760589143298
11.2584640704615 4.99666315681721 -7.89463688787237e-05 0.00551425089610771
11.4400118403243 4.99671881843573 0.000649579136425874 0.00403329414640379
11.6246289393008 4.99689121508689 0.0011719799244715 0.00269734465648164
11.8064740379278 4.99713770947844 0.00151641780042419 0.00181065862067751
12.0016375776385 4.997459695527 0.00172872998414311 0.000775352486778063
12.1879676647487 4.99779223269413 0.00183192237366221 0.000543327114307577
12.3947485064128 4.99817913578681 0.00186299700308048 -0.00016526732808144
12.6105462376927 4.9986739479966 0.00317101766602142 0.0146204668620787
12.8282027575329 4.9996977473665 0.00644991407151764 0.0212844822736068
13.0482267646527 5.00158216560485 0.0108610710273633 0.0264703422778969
13.2662756729025 5.00449886324995 0.0158023584172459 0.0273267616093823
13.4843380889804 5.00847611361443 0.0206507463538421 0.0255820529119318
13.7022105768938 5.01346214031954 0.0250068953891146 0.0219819139834698
13.9199978096603 5.01931929726025 0.0285506871997406 0.0167540056729629
14.1386988381044 5.02586408413759 0.0310395642311792 0.010361395378479
14.3631099550996 5.03300702032208 0.0323422269328086 0.00350637068950281
14.5940852594942 5.04049288751542 0.0321294577307349 -0.00564971253619487
14.8387279802884 5.04814428070069 0.030072668471527 -0.0143298111879414
15.0835275520317 5.05509951231251 0.0264764046367102 -0.0206144227948376
15.3416937106293 5.06133257127497 0.0216450536183683 -0.0238776613652583
15.5845625082933 5.06599668678331 0.0167628792540892 -0.0239699585829013
15.8312700574332 5.06952967621459 0.0118714734590226 -0.0234967922765102
16.0738979801243 5.07185198438589 0.00723063981440263 -0.0220543567071851
16.3157226846363 5.07308895778976 0.00303209663437095 -0.0191232021858437
16.5576789727553 5.07338950907641 -0.000431822626222094 -0.0147951483191849
16.799709953037 5.07297412308767 -0.00278286817650202 -0.00830849755063043
17.0421257019043 5.07216262817383 -0.0036304191983332 -6.64156552400707e-19
